              precision    recall  f1-score   support

           0     1.0000    0.9286    0.9630        28
           1     0.9375    0.9836    0.9600        61
           2     0.9667    1.0000    0.9831        29
           3     0.8846    1.0000    0.9388        23
           4     1.0000    0.5000    0.6667         4
           5     0.9861    0.9467    0.9660        75

    accuracy                         0.9591       220
   macro avg     0.9625    0.8931    0.9129       220
weighted avg     0.9615    0.9591    0.9579       220
